Generated tasks:
(13,2,4)(24,4,2)(14,5,5)(28,5,5)(32,9,8)(2,11,7)(8,12,3)(10,12,7)(29,12,8)(25,16,2)(30,17,8)(4,19,5)(5,19,6)(3,22,6)(6,22,3)(16,23,5)(1,24,8)(23,25,5)(12,29,2)(19,30,2)(21,31,8)(22,31,7)(34,31,8)(11,32,3)(15,35,7)(7,36,5)(9,36,6)(27,37,4)(18,38,4)(26,39,6)(31,42,4)(33,42,3)(17,44,6)(20,44,8)(35,44,8)


Time: 0
Waiting clients: (13,2,4); (24,4,2); (14,5,5); (28,5,5); (32,9,8); (2,11,7); (8,12,3); (10,12,7); (29,12,8); (25,16,2); (30,17,8); (4,19,5); (5,19,6); (3,22,6); (6,22,3); (16,23,5); (1,24,8); (23,25,5); (12,29,2); (19,30,2); (21,31,8); (22,31,7); (34,31,8); (11,32,3); (15,35,7); (7,36,5); (9,36,6); (27,37,4); (18,38,4); (26,39,6); (31,42,4); (33,42,3); (17,44,6); (20,44,8); (35,44,8);
Queue 1: Close.
Queue 2: Close.
Queue 3: Close.

Time: 1
Waiting clients: (13,2,4); (24,4,2); (14,5,5); (28,5,5); (32,9,8); (2,11,7); (8,12,3); (10,12,7); (29,12,8); (25,16,2); (30,17,8); (4,19,5); (5,19,6); (3,22,6); (6,22,3); (16,23,5); (1,24,8); (23,25,5); (12,29,2); (19,30,2); (21,31,8); (22,31,7); (34,31,8); (11,32,3); (15,35,7); (7,36,5); (9,36,6); (27,37,4); (18,38,4); (26,39,6); (31,42,4); (33,42,3); (17,44,6); (20,44,8); (35,44,8);
Queue 1: Close.
Queue 2: Close.
Queue 3: Close.

Time: 2
Waiting clients: (24,4,2); (14,5,5); (28,5,5); (32,9,8); (2,11,7); (8,12,3); (10,12,7); (29,12,8); (25,16,2); (30,17,8); (4,19,5); (5,19,6); (3,22,6); (6,22,3); (16,23,5); (1,24,8); (23,25,5); (12,29,2); (19,30,2); (21,31,8); (22,31,7); (34,31,8); (11,32,3); (15,35,7); (7,36,5); (9,36,6); (27,37,4); (18,38,4); (26,39,6); (31,42,4); (33,42,3); (17,44,6); (20,44,8); (35,44,8);
Queue 1: (13,2,4);
Queue 2: Close.
Queue 3: Close.

Time: 3
Waiting clients: (24,4,2); (14,5,5); (28,5,5); (32,9,8); (2,11,7); (8,12,3); (10,12,7); (29,12,8); (25,16,2); (30,17,8); (4,19,5); (5,19,6); (3,22,6); (6,22,3); (16,23,5); (1,24,8); (23,25,5); (12,29,2); (19,30,2); (21,31,8); (22,31,7); (34,31,8); (11,32,3); (15,35,7); (7,36,5); (9,36,6); (27,37,4); (18,38,4); (26,39,6); (31,42,4); (33,42,3); (17,44,6); (20,44,8); (35,44,8);
Queue 1: (13,2,3);
Queue 2: Close.
Queue 3: Close.

Time: 4
Waiting clients: (14,5,5); (28,5,5); (32,9,8); (2,11,7); (8,12,3); (10,12,7); (29,12,8); (25,16,2); (30,17,8); (4,19,5); (5,19,6); (3,22,6); (6,22,3); (16,23,5); (1,24,8); (23,25,5); (12,29,2); (19,30,2); (21,31,8); (22,31,7); (34,31,8); (11,32,3); (15,35,7); (7,36,5); (9,36,6); (27,37,4); (18,38,4); (26,39,6); (31,42,4); (33,42,3); (17,44,6); (20,44,8); (35,44,8);
Queue 1: (13,2,2);
Queue 2: (24,4,2);
Queue 3: Close.

Time: 5
Waiting clients: (32,9,8); (2,11,7); (8,12,3); (10,12,7); (29,12,8); (25,16,2); (30,17,8); (4,19,5); (5,19,6); (3,22,6); (6,22,3); (16,23,5); (1,24,8); (23,25,5); (12,29,2); (19,30,2); (21,31,8); (22,31,7); (34,31,8); (11,32,3); (15,35,7); (7,36,5); (9,36,6); (27,37,4); (18,38,4); (26,39,6); (31,42,4); (33,42,3); (17,44,6); (20,44,8); (35,44,8);
Queue 1: (13,2,1); (28,5,5);
Queue 2: (24,4,1);
Queue 3: (14,5,5);

Time: 6
Waiting clients: (32,9,8); (2,11,7); (8,12,3); (10,12,7); (29,12,8); (25,16,2); (30,17,8); (4,19,5); (5,19,6); (3,22,6); (6,22,3); (16,23,5); (1,24,8); (23,25,5); (12,29,2); (19,30,2); (21,31,8); (22,31,7); (34,31,8); (11,32,3); (15,35,7); (7,36,5); (9,36,6); (27,37,4); (18,38,4); (26,39,6); (31,42,4); (33,42,3); (17,44,6); (20,44,8); (35,44,8);
Queue 1: (28,5,5);
Queue 2: Close.
Queue 3: (14,5,4);

Time: 7
Waiting clients: (32,9,8); (2,11,7); (8,12,3); (10,12,7); (29,12,8); (25,16,2); (30,17,8); (4,19,5); (5,19,6); (3,22,6); (6,22,3); (16,23,5); (1,24,8); (23,25,5); (12,29,2); (19,30,2); (21,31,8); (22,31,7); (34,31,8); (11,32,3); (15,35,7); (7,36,5); (9,36,6); (27,37,4); (18,38,4); (26,39,6); (31,42,4); (33,42,3); (17,44,6); (20,44,8); (35,44,8);
Queue 1: (28,5,4);
Queue 2: Close.
Queue 3: (14,5,3);

Time: 8
Waiting clients: (32,9,8); (2,11,7); (8,12,3); (10,12,7); (29,12,8); (25,16,2); (30,17,8); (4,19,5); (5,19,6); (3,22,6); (6,22,3); (16,23,5); (1,24,8); (23,25,5); (12,29,2); (19,30,2); (21,31,8); (22,31,7); (34,31,8); (11,32,3); (15,35,7); (7,36,5); (9,36,6); (27,37,4); (18,38,4); (26,39,6); (31,42,4); (33,42,3); (17,44,6); (20,44,8); (35,44,8);
Queue 1: (28,5,3);
Queue 2: Close.
Queue 3: (14,5,2);

Time: 9
Waiting clients: (2,11,7); (8,12,3); (10,12,7); (29,12,8); (25,16,2); (30,17,8); (4,19,5); (5,19,6); (3,22,6); (6,22,3); (16,23,5); (1,24,8); (23,25,5); (12,29,2); (19,30,2); (21,31,8); (22,31,7); (34,31,8); (11,32,3); (15,35,7); (7,36,5); (9,36,6); (27,37,4); (18,38,4); (26,39,6); (31,42,4); (33,42,3); (17,44,6); (20,44,8); (35,44,8);
Queue 1: (28,5,2);
Queue 2: (32,9,8);
Queue 3: (14,5,1);

Time: 10
Waiting clients: (2,11,7); (8,12,3); (10,12,7); (29,12,8); (25,16,2); (30,17,8); (4,19,5); (5,19,6); (3,22,6); (6,22,3); (16,23,5); (1,24,8); (23,25,5); (12,29,2); (19,30,2); (21,31,8); (22,31,7); (34,31,8); (11,32,3); (15,35,7); (7,36,5); (9,36,6); (27,37,4); (18,38,4); (26,39,6); (31,42,4); (33,42,3); (17,44,6); (20,44,8); (35,44,8);
Queue 1: (28,5,1);
Queue 2: (32,9,7);
Queue 3: Close.

Time: 11
Waiting clients: (8,12,3); (10,12,7); (29,12,8); (25,16,2); (30,17,8); (4,19,5); (5,19,6); (3,22,6); (6,22,3); (16,23,5); (1,24,8); (23,25,5); (12,29,2); (19,30,2); (21,31,8); (22,31,7); (34,31,8); (11,32,3); (15,35,7); (7,36,5); (9,36,6); (27,37,4); (18,38,4); (26,39,6); (31,42,4); (33,42,3); (17,44,6); (20,44,8); (35,44,8);
Queue 1: (2,11,7);
Queue 2: (32,9,6);
Queue 3: Close.

Time: 12
Waiting clients: (25,16,2); (30,17,8); (4,19,5); (5,19,6); (3,22,6); (6,22,3); (16,23,5); (1,24,8); (23,25,5); (12,29,2); (19,30,2); (21,31,8); (22,31,7); (34,31,8); (11,32,3); (15,35,7); (7,36,5); (9,36,6); (27,37,4); (18,38,4); (26,39,6); (31,42,4); (33,42,3); (17,44,6); (20,44,8); (35,44,8);
Queue 1: (2,11,6);
Queue 2: (32,9,5); (29,12,8);
Queue 3: (8,12,3); (10,12,7);

Time: 13
Waiting clients: (25,16,2); (30,17,8); (4,19,5); (5,19,6); (3,22,6); (6,22,3); (16,23,5); (1,24,8); (23,25,5); (12,29,2); (19,30,2); (21,31,8); (22,31,7); (34,31,8); (11,32,3); (15,35,7); (7,36,5); (9,36,6); (27,37,4); (18,38,4); (26,39,6); (31,42,4); (33,42,3); (17,44,6); (20,44,8); (35,44,8);
Queue 1: (2,11,5);
Queue 2: (32,9,4); (29,12,8);
Queue 3: (8,12,2); (10,12,7);

Time: 14
Waiting clients: (25,16,2); (30,17,8); (4,19,5); (5,19,6); (3,22,6); (6,22,3); (16,23,5); (1,24,8); (23,25,5); (12,29,2); (19,30,2); (21,31,8); (22,31,7); (34,31,8); (11,32,3); (15,35,7); (7,36,5); (9,36,6); (27,37,4); (18,38,4); (26,39,6); (31,42,4); (33,42,3); (17,44,6); (20,44,8); (35,44,8);
Queue 1: (2,11,4);
Queue 2: (32,9,3); (29,12,8);
Queue 3: (8,12,1); (10,12,7);

Time: 15
Waiting clients: (25,16,2); (30,17,8); (4,19,5); (5,19,6); (3,22,6); (6,22,3); (16,23,5); (1,24,8); (23,25,5); (12,29,2); (19,30,2); (21,31,8); (22,31,7); (34,31,8); (11,32,3); (15,35,7); (7,36,5); (9,36,6); (27,37,4); (18,38,4); (26,39,6); (31,42,4); (33,42,3); (17,44,6); (20,44,8); (35,44,8);
Queue 1: (2,11,3);
Queue 2: (32,9,2); (29,12,8);
Queue 3: (10,12,7);

Time: 16
Waiting clients: (30,17,8); (4,19,5); (5,19,6); (3,22,6); (6,22,3); (16,23,5); (1,24,8); (23,25,5); (12,29,2); (19,30,2); (21,31,8); (22,31,7); (34,31,8); (11,32,3); (15,35,7); (7,36,5); (9,36,6); (27,37,4); (18,38,4); (26,39,6); (31,42,4); (33,42,3); (17,44,6); (20,44,8); (35,44,8);
Queue 1: (2,11,2); (25,16,2);
Queue 2: (32,9,1); (29,12,8);
Queue 3: (10,12,6);

Time: 17
Waiting clients: (4,19,5); (5,19,6); (3,22,6); (6,22,3); (16,23,5); (1,24,8); (23,25,5); (12,29,2); (19,30,2); (21,31,8); (22,31,7); (34,31,8); (11,32,3); (15,35,7); (7,36,5); (9,36,6); (27,37,4); (18,38,4); (26,39,6); (31,42,4); (33,42,3); (17,44,6); (20,44,8); (35,44,8);
Queue 1: (2,11,1); (25,16,2); (30,17,8);
Queue 2: (29,12,8);
Queue 3: (10,12,5);

Time: 18
Waiting clients: (4,19,5); (5,19,6); (3,22,6); (6,22,3); (16,23,5); (1,24,8); (23,25,5); (12,29,2); (19,30,2); (21,31,8); (22,31,7); (34,31,8); (11,32,3); (15,35,7); (7,36,5); (9,36,6); (27,37,4); (18,38,4); (26,39,6); (31,42,4); (33,42,3); (17,44,6); (20,44,8); (35,44,8);
Queue 1: (25,16,2); (30,17,8);
Queue 2: (29,12,7);
Queue 3: (10,12,4);

Time: 19
Waiting clients: (3,22,6); (6,22,3); (16,23,5); (1,24,8); (23,25,5); (12,29,2); (19,30,2); (21,31,8); (22,31,7); (34,31,8); (11,32,3); (15,35,7); (7,36,5); (9,36,6); (27,37,4); (18,38,4); (26,39,6); (31,42,4); (33,42,3); (17,44,6); (20,44,8); (35,44,8);
Queue 1: (25,16,1); (30,17,8);
Queue 2: (29,12,6); (5,19,6);
Queue 3: (10,12,3); (4,19,5);

Time: 20
Waiting clients: (3,22,6); (6,22,3); (16,23,5); (1,24,8); (23,25,5); (12,29,2); (19,30,2); (21,31,8); (22,31,7); (34,31,8); (11,32,3); (15,35,7); (7,36,5); (9,36,6); (27,37,4); (18,38,4); (26,39,6); (31,42,4); (33,42,3); (17,44,6); (20,44,8); (35,44,8);
Queue 1: (30,17,8);
Queue 2: (29,12,5); (5,19,6);
Queue 3: (10,12,2); (4,19,5);

Time: 21
Waiting clients: (3,22,6); (6,22,3); (16,23,5); (1,24,8); (23,25,5); (12,29,2); (19,30,2); (21,31,8); (22,31,7); (34,31,8); (11,32,3); (15,35,7); (7,36,5); (9,36,6); (27,37,4); (18,38,4); (26,39,6); (31,42,4); (33,42,3); (17,44,6); (20,44,8); (35,44,8);
Queue 1: (30,17,7);
Queue 2: (29,12,4); (5,19,6);
Queue 3: (10,12,1); (4,19,5);

Time: 22
Waiting clients: (16,23,5); (1,24,8); (23,25,5); (12,29,2); (19,30,2); (21,31,8); (22,31,7); (34,31,8); (11,32,3); (15,35,7); (7,36,5); (9,36,6); (27,37,4); (18,38,4); (26,39,6); (31,42,4); (33,42,3); (17,44,6); (20,44,8); (35,44,8);
Queue 1: (30,17,6); (6,22,3);
Queue 2: (29,12,3); (5,19,6);
Queue 3: (4,19,5); (3,22,6);

Time: 23
Waiting clients: (1,24,8); (23,25,5); (12,29,2); (19,30,2); (21,31,8); (22,31,7); (34,31,8); (11,32,3); (15,35,7); (7,36,5); (9,36,6); (27,37,4); (18,38,4); (26,39,6); (31,42,4); (33,42,3); (17,44,6); (20,44,8); (35,44,8);
Queue 1: (30,17,5); (6,22,3); (16,23,5);
Queue 2: (29,12,2); (5,19,6);
Queue 3: (4,19,4); (3,22,6);

Time: 24
Waiting clients: (23,25,5); (12,29,2); (19,30,2); (21,31,8); (22,31,7); (34,31,8); (11,32,3); (15,35,7); (7,36,5); (9,36,6); (27,37,4); (18,38,4); (26,39,6); (31,42,4); (33,42,3); (17,44,6); (20,44,8); (35,44,8);
Queue 1: (30,17,4); (6,22,3); (16,23,5);
Queue 2: (29,12,1); (5,19,6); (1,24,8);
Queue 3: (4,19,3); (3,22,6);

Time: 25
Waiting clients: (12,29,2); (19,30,2); (21,31,8); (22,31,7); (34,31,8); (11,32,3); (15,35,7); (7,36,5); (9,36,6); (27,37,4); (18,38,4); (26,39,6); (31,42,4); (33,42,3); (17,44,6); (20,44,8); (35,44,8);
Queue 1: (30,17,3); (6,22,3); (16,23,5);
Queue 2: (5,19,6); (1,24,8);
Queue 3: (4,19,2); (3,22,6); (23,25,5);

Time: 26
Waiting clients: (12,29,2); (19,30,2); (21,31,8); (22,31,7); (34,31,8); (11,32,3); (15,35,7); (7,36,5); (9,36,6); (27,37,4); (18,38,4); (26,39,6); (31,42,4); (33,42,3); (17,44,6); (20,44,8); (35,44,8);
Queue 1: (30,17,2); (6,22,3); (16,23,5);
Queue 2: (5,19,5); (1,24,8);
Queue 3: (4,19,1); (3,22,6); (23,25,5);

Time: 27
Waiting clients: (12,29,2); (19,30,2); (21,31,8); (22,31,7); (34,31,8); (11,32,3); (15,35,7); (7,36,5); (9,36,6); (27,37,4); (18,38,4); (26,39,6); (31,42,4); (33,42,3); (17,44,6); (20,44,8); (35,44,8);
Queue 1: (30,17,1); (6,22,3); (16,23,5);
Queue 2: (5,19,4); (1,24,8);
Queue 3: (3,22,6); (23,25,5);

Time: 28
Waiting clients: (12,29,2); (19,30,2); (21,31,8); (22,31,7); (34,31,8); (11,32,3); (15,35,7); (7,36,5); (9,36,6); (27,37,4); (18,38,4); (26,39,6); (31,42,4); (33,42,3); (17,44,6); (20,44,8); (35,44,8);
Queue 1: (6,22,3); (16,23,5);
Queue 2: (5,19,3); (1,24,8);
Queue 3: (3,22,5); (23,25,5);

Time: 29
Waiting clients: (19,30,2); (21,31,8); (22,31,7); (34,31,8); (11,32,3); (15,35,7); (7,36,5); (9,36,6); (27,37,4); (18,38,4); (26,39,6); (31,42,4); (33,42,3); (17,44,6); (20,44,8); (35,44,8);
Queue 1: (6,22,2); (16,23,5); (12,29,2);
Queue 2: (5,19,2); (1,24,8);
Queue 3: (3,22,4); (23,25,5);

Time: 30
Waiting clients: (21,31,8); (22,31,7); (34,31,8); (11,32,3); (15,35,7); (7,36,5); (9,36,6); (27,37,4); (18,38,4); (26,39,6); (31,42,4); (33,42,3); (17,44,6); (20,44,8); (35,44,8);
Queue 1: (6,22,1); (16,23,5); (12,29,2);
Queue 2: (5,19,1); (1,24,8);
Queue 3: (3,22,3); (23,25,5); (19,30,2);

Time: 31
Waiting clients: (11,32,3); (15,35,7); (7,36,5); (9,36,6); (27,37,4); (18,38,4); (26,39,6); (31,42,4); (33,42,3); (17,44,6); (20,44,8); (35,44,8);
Queue 1: (16,23,5); (12,29,2); (21,31,8);
Queue 2: (1,24,8); (22,31,7);
Queue 3: (3,22,2); (23,25,5); (19,30,2); (34,31,8);

Time: 32
Waiting clients: (15,35,7); (7,36,5); (9,36,6); (27,37,4); (18,38,4); (26,39,6); (31,42,4); (33,42,3); (17,44,6); (20,44,8); (35,44,8);
Queue 1: (16,23,4); (12,29,2); (21,31,8); (11,32,3);
Queue 2: (1,24,7); (22,31,7);
Queue 3: (3,22,1); (23,25,5); (19,30,2); (34,31,8);

Time: 33
Waiting clients: (15,35,7); (7,36,5); (9,36,6); (27,37,4); (18,38,4); (26,39,6); (31,42,4); (33,42,3); (17,44,6); (20,44,8); (35,44,8);
Queue 1: (16,23,3); (12,29,2); (21,31,8); (11,32,3);
Queue 2: (1,24,6); (22,31,7);
Queue 3: (23,25,5); (19,30,2); (34,31,8);

Time: 34
Waiting clients: (15,35,7); (7,36,5); (9,36,6); (27,37,4); (18,38,4); (26,39,6); (31,42,4); (33,42,3); (17,44,6); (20,44,8); (35,44,8);
Queue 1: (16,23,2); (12,29,2); (21,31,8); (11,32,3);
Queue 2: (1,24,5); (22,31,7);
Queue 3: (23,25,4); (19,30,2); (34,31,8);

Time: 35
Waiting clients: (7,36,5); (9,36,6); (27,37,4); (18,38,4); (26,39,6); (31,42,4); (33,42,3); (17,44,6); (20,44,8); (35,44,8);
Queue 1: (16,23,1); (12,29,2); (21,31,8); (11,32,3);
Queue 2: (1,24,4); (22,31,7); (15,35,7);
Queue 3: (23,25,3); (19,30,2); (34,31,8);

Time: 36
Waiting clients: (27,37,4); (18,38,4); (26,39,6); (31,42,4); (33,42,3); (17,44,6); (20,44,8); (35,44,8);
Queue 1: (12,29,2); (21,31,8); (11,32,3); (9,36,6);
Queue 2: (1,24,3); (22,31,7); (15,35,7);
Queue 3: (23,25,2); (19,30,2); (34,31,8); (7,36,5);

Time: 37
Waiting clients: (18,38,4); (26,39,6); (31,42,4); (33,42,3); (17,44,6); (20,44,8); (35,44,8);
Queue 1: (12,29,1); (21,31,8); (11,32,3); (9,36,6);
Queue 2: (1,24,2); (22,31,7); (15,35,7); (27,37,4);
Queue 3: (23,25,1); (19,30,2); (34,31,8); (7,36,5);

Time: 38
Waiting clients: (26,39,6); (31,42,4); (33,42,3); (17,44,6); (20,44,8); (35,44,8);
Queue 1: (21,31,8); (11,32,3); (9,36,6);
Queue 2: (1,24,1); (22,31,7); (15,35,7); (27,37,4);
Queue 3: (19,30,2); (34,31,8); (7,36,5); (18,38,4);

Time: 39
Waiting clients: (31,42,4); (33,42,3); (17,44,6); (20,44,8); (35,44,8);
Queue 1: (21,31,7); (11,32,3); (9,36,6);
Queue 2: (22,31,7); (15,35,7); (27,37,4); (26,39,6);
Queue 3: (19,30,1); (34,31,8); (7,36,5); (18,38,4);

Time: 40
Waiting clients: (31,42,4); (33,42,3); (17,44,6); (20,44,8); (35,44,8);
Queue 1: (21,31,6); (11,32,3); (9,36,6);
Queue 2: (22,31,6); (15,35,7); (27,37,4); (26,39,6);
Queue 3: (34,31,8); (7,36,5); (18,38,4);

Time: 41
Waiting clients: (31,42,4); (33,42,3); (17,44,6); (20,44,8); (35,44,8);
Queue 1: (21,31,5); (11,32,3); (9,36,6);
Queue 2: (22,31,5); (15,35,7); (27,37,4); (26,39,6);
Queue 3: (34,31,7); (7,36,5); (18,38,4);

Time: 42
Waiting clients: (17,44,6); (20,44,8); (35,44,8);
Queue 1: (21,31,4); (11,32,3); (9,36,6); (31,42,4);
Queue 2: (22,31,4); (15,35,7); (27,37,4); (26,39,6);
Queue 3: (34,31,6); (7,36,5); (18,38,4); (33,42,3);

Time: 43
Waiting clients: (17,44,6); (20,44,8); (35,44,8);
Queue 1: (21,31,3); (11,32,3); (9,36,6); (31,42,4);
Queue 2: (22,31,3); (15,35,7); (27,37,4); (26,39,6);
Queue 3: (34,31,5); (7,36,5); (18,38,4); (33,42,3);

Time: 44
Waiting clients:
Queue 1: (21,31,2); (11,32,3); (9,36,6); (31,42,4); (17,44,6);
Queue 2: (22,31,2); (15,35,7); (27,37,4); (26,39,6); (35,44,8);
Queue 3: (34,31,4); (7,36,5); (18,38,4); (33,42,3); (20,44,8);

Time: 45
Waiting clients:
Queue 1: (21,31,1); (11,32,3); (9,36,6); (31,42,4); (17,44,6);
Queue 2: (22,31,1); (15,35,7); (27,37,4); (26,39,6); (35,44,8);
Queue 3: (34,31,3); (7,36,5); (18,38,4); (33,42,3); (20,44,8);

Time: 46
Waiting clients:
Queue 1: (11,32,3); (9,36,6); (31,42,4); (17,44,6);
Queue 2: (15,35,7); (27,37,4); (26,39,6); (35,44,8);
Queue 3: (34,31,2); (7,36,5); (18,38,4); (33,42,3); (20,44,8);

Time: 47
Waiting clients:
Queue 1: (11,32,2); (9,36,6); (31,42,4); (17,44,6);
Queue 2: (15,35,6); (27,37,4); (26,39,6); (35,44,8);
Queue 3: (34,31,1); (7,36,5); (18,38,4); (33,42,3); (20,44,8);

Time: 48
Waiting clients:
Queue 1: (11,32,1); (9,36,6); (31,42,4); (17,44,6);
Queue 2: (15,35,5); (27,37,4); (26,39,6); (35,44,8);
Queue 3: (7,36,5); (18,38,4); (33,42,3); (20,44,8);

Time: 49
Waiting clients:
Queue 1: (9,36,6); (31,42,4); (17,44,6);
Queue 2: (15,35,4); (27,37,4); (26,39,6); (35,44,8);
Queue 3: (7,36,4); (18,38,4); (33,42,3); (20,44,8);

Time: 50
Waiting clients:
Queue 1: (9,36,5); (31,42,4); (17,44,6);
Queue 2: (15,35,3); (27,37,4); (26,39,6); (35,44,8);
Queue 3: (7,36,3); (18,38,4); (33,42,3); (20,44,8);

Time: 51
Waiting clients:
Queue 1: (9,36,4); (31,42,4); (17,44,6);
Queue 2: (15,35,2); (27,37,4); (26,39,6); (35,44,8);
Queue 3: (7,36,2); (18,38,4); (33,42,3); (20,44,8);

Time: 52
Waiting clients:
Queue 1: (9,36,3); (31,42,4); (17,44,6);
Queue 2: (15,35,1); (27,37,4); (26,39,6); (35,44,8);
Queue 3: (7,36,1); (18,38,4); (33,42,3); (20,44,8);

Time: 53
Waiting clients:
Queue 1: (9,36,2); (31,42,4); (17,44,6);
Queue 2: (27,37,4); (26,39,6); (35,44,8);
Queue 3: (18,38,4); (33,42,3); (20,44,8);

Time: 54
Waiting clients:
Queue 1: (9,36,1); (31,42,4); (17,44,6);
Queue 2: (27,37,3); (26,39,6); (35,44,8);
Queue 3: (18,38,3); (33,42,3); (20,44,8);

Time: 55
Waiting clients:
Queue 1: (31,42,4); (17,44,6);
Queue 2: (27,37,2); (26,39,6); (35,44,8);
Queue 3: (18,38,2); (33,42,3); (20,44,8);

Time: 56
Waiting clients:
Queue 1: (31,42,3); (17,44,6);
Queue 2: (27,37,1); (26,39,6); (35,44,8);
Queue 3: (18,38,1); (33,42,3); (20,44,8);

Time: 57
Waiting clients:
Queue 1: (31,42,2); (17,44,6);
Queue 2: (26,39,6); (35,44,8);
Queue 3: (33,42,3); (20,44,8);

Time: 58
Waiting clients:
Queue 1: (31,42,1); (17,44,6);
Queue 2: (26,39,5); (35,44,8);
Queue 3: (33,42,2); (20,44,8);

Time: 59
Waiting clients:
Queue 1: (31,42,1); (17,44,6);
Queue 2: (26,39,4); (35,44,8);
Queue 3: (33,42,1); (20,44,8);

Avrage waiting time: 7.8
Avrage service time: 5.371428571428571
Peak hour: 44 with 15 clients. 
